0.3431372549019608	0.7169263359134104	0.0	0.0	1.0	0.0	0.07154372334480286	5.0	0.5263157894736842	0
0.3235294117647059	0.7020387631798203	0.0	0.0	1.0	0.0	0.059425774961709976	5.0	0.5882352941176471	0
0.4019607843137255	0.7024426736519512	0.0	0.0	1.0	0.0	0.001805117353796959	4.333333333333333	0.43333333333333335	1
0.5588235294117647	0.6941139717101583	0.0	1.0	1.0	0.0	0.0	5.166666666666667	0.34065934065934067	0
0.4411764705882353	0.6599558623173633	0.0	1.0	1.0	0.0	0.0	5.333333333333333	0.5	0
0.4019607843137255	0.6155447288216783	0.0	1.0	1.0	0.0	0.0	4.0	0.21818181818181817	0
0.3333333333333333	0.6073704549148439	0.0	0.0	0.0	0.0	0.039307884871959686	6.0	0.3333333333333333	0
0.4019607843137255	0.6155447288216783	0.0	1.0	1.0	0.0	0.0	4.0	0.21818181818181817	0
0.3333333333333333	0.6073704549148439	0.0	0.0	0.0	0.0	0.039307884871959686	6.0	0.3333333333333333	0
0.4019607843137255	0.6157958946910806	0.0	1.0	1.0	0.0	0.0	4.0	0.21818181818181817	0
0.11013215859030837	0.6558610379750995	0.0	0.0	0.0	0.0	0.4040113389492035	11.0	1.5714285714285714	0
0.15418502202643172	0.6155264543581479	0.0	0.0	0.0	0.0	0.16824284195899963	0.0	0.0	0
0.14977973568281938	0.6053345118070078	0.0	0.0	0.0	0.0	0.2683064043521881	0.0	0.0	0
0.11894273127753303	0.6090581390521398	0.0	0.0	0.0	0.0	0.5602428317070007	0.0	0.0	0
0.4889867841409692	0.7708685940948719	0.0	0.0	0.0	0.0	0.0	5.0	0.26666666666666666	0
0.3920704845814978	0.6663200153732811	0.0	0.0	0.0	0.0	0.0	4.0	0.12121212121212122	1
0.3920704845814978	0.666209263908968	0.0	0.0	0.0	0.0	0.0	4.0	0.12121212121212122	1
0.06167400881057269	0.4933736800887519	0.0	0.0	0.0	0.0	0.4602382481098175	0.0	0.0	0
0.23788546255506607	0.7220475846308438	0.0	0.0	0.0	0.0	2.517779648769647E-4	0.0	0.0	0
0.3832599118942731	0.700339864202784	0.0	0.0	0.0	0.0	0.0	4.666666666666667	0.23333333333333334	0
0.5918367346938775	0.706179057335509	0.0	0.0	0.0	0.0	0.036444034427404404	4.0	0.25	0
0.4897959183673469	0.7157766954816983	0.0	0.0	0.0	0.0	0.7418586015701294	4.0	0.5	0
0.4489795918367347	0.6593567815188272	0.0	0.0	0.0	0.0	0.7301979660987854	4.0	0.5	0
0.4489795918367347	0.6593567815188272	0.0	0.0	0.0	0.0	0.7475641965866089	4.0	0.5	0
0.4489795918367347	0.6593567815188272	0.0	0.0	0.0	0.0	0.7462279200553894	4.0	0.5	0
0.4489795918367347	0.6593567815188272	0.0	0.0	0.0	0.0	0.7787964344024658	4.0	0.5	0
0.4489795918367347	0.6593567815188272	0.0	0.0	0.0	0.0	0.7301979660987854	4.0	0.5	0
0.4489795918367347	0.7101420426142051	0.0	0.0	0.0	0.0	0.2545451521873474	4.0	0.5	0
0.46938775510204084	0.7166435737867893	0.0	0.0	0.0	0.0	0.6928130984306335	4.0	0.3333333333333333	0
0.4897959183673469	0.6435124810067417	0.0	0.0	0.0	0.0	0.0	0.0	0.0	0
0.4523809523809524	0.7708287813780786	0.0	1.0	1.0	1.0	0.0	0.0	0.0	0
0.3412698412698413	0.7399002465335048	0.0	0.0	0.0	0.0	0.4196218252182007	6.0	0.5454545454545454	0
0.3888888888888889	0.7435899042332133	0.0	0.5	1.0	0.0	6.834747618995607E-4	4.8	0.631578947368421	0
0.5158730158730159	0.7793518487806486	0.0	2.0	2.0	1.0	0.011987504549324512	4.0	0.27586206896551724	1
0.4126984126984127	0.675560030856006	0.0	0.5	1.0	0.0	0.0	4.0	0.19047619047619047	0
0.5079365079365079	0.801936343306758	0.0	0.5	1.0	0.0	0.024051683023571968	0.0	0.0	0
0.4444444444444444	0.7500279031838831	0.0	1.5	3.0	2.0	0.0	4.75	0.34545454545454546	0
0.42857142857142855	0.7740091753845469	0.0	1.0	1.0	0.0	0.0	4.6	0.5111111111111111	0
0.24603174603174602	0.7373534865318215	0.0	0.5	1.0	0.0	0.39102762937545776	4.666666666666667	1.1666666666666667	0
0.3492063492063492	0.6693576270029528	0.0	0.0	0.0	0.0	0.0	4.0	0.3333333333333333	0
0.6483516483516484	0.8031768533053202	0.0	2.0	5.0	1.0	0.0	5.333333333333333	0.16161616161616163	1
0.5384615384615384	0.7484974910786454	0.0	0.0	2.0	0.0	0.0	4.0	0.08888888888888889	1
0.3076923076923077	0.6462181386411159	0.0	0.0	0.0	0.0	0.8508903384208679	0.0	0.0	0
0.3076923076923077	0.6124087728823386	0.0	0.0	1.0	0.0	0.15047509968280792	0.0	0.0	0
0.4175824175824176	0.5968767005272075	0.0	0.0	2.0	0.0	0.0	4.0	0.10526315789473684	0
0.42857142857142855	0.6444700834715578	0.0	0.0	0.0	0.0	0.0	4.0	0.18604651162790697	0
0.38461538461538464	0.6472984829796024	0.0	0.0	0.0	0.0	0.01917234994471073	4.0	0.16666666666666666	0
0.4945054945054945	0.6320588012565029	0.0	0.0	0.0	0.0	0.0	4.0	0.08080808080808081	0
0.5384615384615384	0.6337547258604281	0.0	0.0	1.0	0.0	0.0	5.0	0.04310344827586207	0
0.42857142857142855	0.5863072495980521	0.0	0.0	2.0	0.0	0.0	4.0	0.05555555555555555	0
0.4666666666666667	0.7421397400560256	0.0	0.0	1.0	0.0	0.0	9.0	0.75	1
0.44761904761904764	0.710117851173752	0.0	0.0	1.0	0.0	4.167021543253213E-4	4.0	0.7567567567567568	0
0.44761904761904764	0.7648425259047672	0.0	0.0	3.0	0.0	0.010869108140468597	4.0	0.5217391304347826	0
0.42857142857142855	0.740293999937888	0.0	0.0	1.0	0.0	0.0	5.0	0.2777777777777778	0
0.44761904761904764	0.7648425259047672	0.0	0.0	3.0	0.0	0.010869108140468597	4.0	0.5217391304347826	0
0.42857142857142855	0.740293999937888	0.0	0.0	1.0	0.0	0.0	5.0	0.2777777777777778	0
0.44761904761904764	0.7648425259047672	0.0	0.0	3.0	0.0	0.010869108140468597	4.0	0.5217391304347826	0
0.42857142857142855	0.740293999937888	0.0	0.0	1.0	0.0	0.0	5.0	0.2777777777777778	0
0.44761904761904764	0.7648425259047672	0.0	0.0	3.0	0.0	0.010869108140468597	4.0	0.5217391304347826	0
0.42857142857142855	0.740293999937888	0.0	0.0	1.0	0.0	0.0	5.0	0.2777777777777778	0
0.3826086956521739	0.7537957186509513	0.0	1.0	1.0	0.0	0.0	0.0	0.0	0
0.22608695652173913	0.6626942052594993	0.0	0.0	4.0	0.0	0.10006802529096603	0.0	0.0	0
0.22608695652173913	0.6626942052594993	0.0	0.0	0.0	0.0	0.09957390278577805	0.0	0.0	0
0.30434782608695654	0.6418221336720995	0.0	0.0	0.0	0.0	0.19587573409080505	4.0	0.21052631578947367	0
0.3217391304347826	0.6711965059154333	0.0	0.0	0.0	0.0	0.004149238113313913	4.0	0.18181818181818182	0
0.5130434782608696	0.7940079864931628	0.0	3.0	4.0	1.0	6.582861533388495E-4	4.0	0.125	1
0.391304347826087	0.6844698360563075	0.0	0.0	0.0	0.0	0.0	4.0	0.14285714285714285	0
0.5565217391304348	0.7899637594586475	0.0	3.0	4.0	1.0	0.0	4.0	0.08695652173913043	1
0.34782608695652173	0.6797784567035876	0.0	1.0	1.0	0.0	3.0113093089312315E-4	0.0	0.0	0
0.34782608695652173	0.6797784567035876	0.0	1.0	1.0	0.0	1.4065398136153817E-4	0.0	0.0	0
0.43846153846153846	0.8959127734799355	0.0	1.0	1.0	0.0	0.05311068147420883	5.0	0.3333333333333333	1
0.47692307692307695	0.8975911561629345	0.0	1.0	1.0	0.0	0.08291026204824448	5.0	0.3333333333333333	1
0.33076923076923076	0.8260707975370433	0.0	0.0	1.0	0.0	0.2061898559331894	5.0	0.3333333333333333	1
0.3153846153846154	0.8273555584947754	0.0	0.0	1.0	0.0	0.3061473071575165	5.0	0.3333333333333333	1
0.33076923076923076	0.8260707975370433	0.0	0.0	1.0	0.0	0.2061898559331894	5.0	0.3333333333333333	1
0.3153846153846154	0.8273555584947754	0.0	0.0	1.0	0.0	0.3061473071575165	5.0	0.3333333333333333	1
0.49230769230769234	0.6752665061498363	0.0	1.0	1.0	0.0	0.0	0.0	0.0	0
0.47692307692307695	0.7716295351811387	0.0	0.0	0.0	0.0	0.0	0.0	0.0	0
0.45384615384615384	0.7782084681824081	0.0	0.0	0.0	0.0	7.440357003360987E-4	0.0	0.0	0
0.4461538461538462	0.7588429415172379	0.0	0.0	0.0	0.0	0.0	0.0	0.0	0
0.26744186046511625	0.595080602320543	0.0	0.0	0.0	0.0	0.07268913090229034	4.0	0.5714285714285714	1
0.3023255813953488	0.5814820645156052	0.0	0.0	0.0	0.0	0.864280641078949	4.0	0.5	1
0.32558139534883723	0.49093378678191724	0.0	0.0	0.0	0.0	0.0	0.0	0.0	0
0.3023255813953488	0.5814820645156052	0.0	0.0	0.0	0.0	0.864280641078949	4.0	0.5	1
0.3372093023255814	0.5194678238219043	0.0	0.0	0.0	0.0	0.02065029926598072	4.0	0.21052631578947367	0
0.3372093023255814	0.563794887408059	0.0	0.0	0.0	0.0	0.4383947253227234	0.0	0.0	0
0.3953488372093023	0.6687056695313202	0.0	0.0	0.0	0.0	0.46810945868492126	0.0	0.0	0
0.3953488372093023	0.6687056695313202	0.0	0.0	0.0	0.0	0.46810945868492126	0.0	0.0	0
0.29069767441860467	0.41534325457037297	0.0	0.0	0.0	0.0	0.0	0.0	0.0	0
0.32558139534883723	0.4997308982421103	0.0	0.0	0.0	0.0	0.0	0.0	0.0	0
0.10438413361169102	0.46736882686604814	0.0	0.0	0.0	0.0	0.008162295445799828	0.0	0.0	0
0.06471816283924843	0.3337815506134356	0.0	0.0	0.0	0.0	0.36989012360572815	0.0	0.0	0
0.11482254697286012	0.4186017614893863	0.0	0.0	0.0	0.0	0.07942108064889908	0.0	0.0	0
0.1440501043841336	0.4623668355838257	0.0	1.0	1.0	0.0	4.282479640096426E-4	4.75	0.59375	0
0.267223382045929	0.5057884845679338	0.0	2.0	9.0	0.0	8.838786161504686E-4	4.0	0.6666666666666666	1
0.15866388308977036	0.47163189751182194	0.0	1.0	1.0	0.0	0.007953404448926449	4.0	0.7142857142857143	1
0.1022964509394572	0.5139595417484236	0.0	0.0	1.0	0.0	0.46810945868492126	0.0	0.0	0
0.1022964509394572	0.5139595417484236	0.0	0.0	1.0	0.0	0.46810945868492126	0.0	0.0	0
0.081419624217119	0.3025986605715774	0.0	0.0	0.0	0.0	0.0	0.0	0.0	0
0.10855949895615867	0.4176245616991565	0.0	0.0	0.0	0.0	0.0	0.0	0.0	0
0.2389937106918239	0.7100155588805906	0.0	0.0	1.0	0.0	0.056329477578401566	4.0	0.38095238095238093	0
0.3081761006289308	0.7289133569932871	0.0	0.0	0.0	0.0	7.559104124084115E-4	0.0	0.0	0
0.29559748427672955	0.6817425481832441	0.0	0.0	0.0	0.0	0.0	4.0	0.3870967741935484	0
0.5471698113207547	0.7804079144447617	0.0	0.0	0.0	0.0	0.0	4.0	0.04597701149425287	0
0.22641509433962265	0.6876354805756903	0.0	0.0	0.0	0.0	0.03430702164769173	0.0	0.0	0
0.1509433962264151	0.712594599289729	0.0	0.0	0.0	0.0	0.65931236743927	4.0	0.36363636363636365	0
0.16352201257861634	0.6556100681071859	0.0	0.0	0.0	0.0	0.22534044086933136	4.0	0.36363636363636365	0
0.1509433962264151	0.6984780516909298	0.0	0.0	0.0	0.0	0.7531046271324158	4.0	0.36363636363636365	0
0.10062893081761007	0.5545939882337512	0.0	0.0	0.0	0.0	0.004129323642700911	0.0	0.0	0
0.2893081761006289	0.7901210679167343	0.0	0.0	0.0	0.0	0.004095371812582016	0.0	0.0	0
0.13836477987421383	0.6051349987548462	0.0	0.5	1.0	0.0	0.23856642842292786	4.0	0.5	0
0.23270440251572327	0.6401894121424591	0.0	0.0	0.0	0.0	0.011161942966282368	5.0	0.7692307692307693	0
0.389937106918239	0.674349396487751	0.0	0.0	0.0	0.0	1.341989409411326E-4	4.8	0.6666666666666666	1
0.27044025157232704	0.6940496399578168	0.0	1.0	1.0	0.0	0.0024199127219617367	6.0	0.3333333333333333	0
0.3836477987421384	0.69520796898452	0.0	0.0	0.0	0.0	0.0	4.0	0.17777777777777778	1
0.3836477987421384	0.69520796898452	0.0	0.0	0.0	0.0	0.0	4.0	0.17777777777777778	1
0.2389937106918239	0.7157298112145881	0.0	0.0	1.0	0.0	0.043809957802295685	7.0	0.5384615384615384	0
0.1761006289308176	0.6229671518081049	0.0	0.0	0.0	0.0	0.06641426682472229	4.0	0.4444444444444444	0
0.4276729559748428	0.7238576935813916	0.0	0.5	1.0	0.0	0.0	4.0	0.05128205128205128	1
0.2138364779874214	0.6503747290105861	0.0	0.0	1.0	0.0	0.6104813814163208	4.0	0.25	0
0.2159090909090909	0.6537574982540189	0.0	0.0	1.0	0.0	0.4795827865600586	0.0	0.0	0
0.4318181818181818	0.6933269071165502	0.0	0.0	1.0	0.0	0.0	4.666666666666667	0.4666666666666667	0
0.4772727272727273	0.7587490952048277	0.0	0.0	1.0	0.0	1.9658758537843823E-4	4.0	0.3157894736842105	0
0.26136363636363635	0.6994670176092188	0.0	0.0	2.0	0.0	0.8279659748077393	5.0	0.5555555555555556	0
0.3181818181818182	0.7475319302283772	0.0	1.0	2.0	0.0	0.37201938033103943	0.0	0.0	0
0.29545454545454547	0.742682332966847	0.0	0.0	2.0	0.0	0.37147748470306396	5.0	0.5555555555555556	0
0.2159090909090909	0.5878051974643581	0.0	0.0	0.0	0.0	0.38736703991889954	4.0	0.5714285714285714	0
0.2159090909090909	0.5328878889026777	0.0	0.0	0.0	0.0	0.10792504251003265	4.0	0.5714285714285714	0
0.22727272727272727	0.4489970904281032	0.0	0.0	0.0	0.0	0.007796113379299641	0.0	0.0	0
0.20454545454545456	0.6004066851085781	0.0	0.0	0.0	0.0	0.15795151889324188	4.0	0.5	0
0.23563218390804597	0.7181175562322757	0.0	1.0	2.0	0.0	0.20099548995494843	4.0	0.3076923076923077	0
0.40229885057471265	0.7689583504524274	0.0	2.0	3.0	0.0	0.0	4.0	0.06349206349206349	0
0.28160919540229884	0.7342279594136845	0.0	2.0	3.0	0.0	0.06097884103655815	4.0	0.5	0
0.28160919540229884	0.7342279594136845	0.0	2.0	3.0	0.0	0.03374063968658447	4.0	0.5	0
0.42528735632183906	0.7625475407925961	0.0	0.0	2.0	0.0	0.0	4.0	0.039603960396039604	0
0.21839080459770116	0.6962459450546735	0.0	1.0	2.0	0.0	0.42151936888694763	4.0	0.4444444444444444	0
0.2471264367816092	0.7208075228690262	0.0	0.0	0.0	0.0	0.3386126458644867	4.0	0.6153846153846154	0
0.3850574712643678	0.8094813782546729	0.0	2.0	2.0	0.0	0.005609479267150164	4.0	0.375	0
0.21839080459770116	0.6962459450546735	0.0	1.0	2.0	0.0	0.42151936888694763	4.0	0.4444444444444444	0
0.2471264367816092	0.7208075228690262	0.0	0.0	0.0	0.0	0.3386126458644867	4.0	0.6153846153846154	0
0.3917525773195876	0.6731733098805444	0.0	1.0	1.0	0.0	0.0035220589488744736	5.0	0.45454545454545453	1
0.25773195876288657	0.6617196164990549	0.0	0.0	0.0	0.0	0.9446091651916504	0.0	0.0	0
0.36082474226804123	0.6722369547613063	0.0	1.0	1.0	0.0	0.011174374260008335	4.0	0.4	0
0.15463917525773196	0.6358509278431733	0.0	0.0	0.0	0.0	0.33744317293167114	0.0	0.0	0
0.29896907216494845	0.5550832554131455	0.0	0.0	1.0	0.0	3.6290421849116683E-4	0.0	0.0	0
0.28865979381443296	0.7230863368822218	0.0	0.0	0.0	0.0	0.08136023581027985	5.5	0.6111111111111112	0
0.3402061855670103	0.6880642827298536	0.0	0.0	0.0	0.0	9.822415886446834E-4	0.0	0.0	0
0.35051546391752575	0.7163554345409344	0.0	0.0	0.0	0.0	0.005572522524744272	0.0	0.0	0
0.28865979381443296	0.7230863368822218	0.0	0.0	0.0	0.0	0.08136023581027985	5.5	0.6111111111111112	0
0.3402061855670103	0.6880642827298536	0.0	0.0	0.0	0.0	9.822415886446834E-4	0.0	0.0	0
0.4049586776859504	0.6455355441427247	0.0	0.6666666666666666	1.0	0.0	0.04978638142347336	4.0	0.5217391304347826	0
0.2727272727272727	0.5856307401398061	0.0	0.0	1.0	0.0	0.014003466814756393	4.0	0.38095238095238093	0
0.3305785123966942	0.7318482732636726	0.0	0.0	0.0	0.0	0.10670612752437592	8.0	0.6666666666666666	0
0.39669421487603307	0.7124294019519594	0.0	0.6666666666666666	1.0	0.0	0.01859533041715622	8.0	0.4444444444444444	0
0.5289256198347108	0.8006307866433865	0.0	0.0	1.0	0.0	0.0	4.0	0.23529411764705882	1
0.45454545454545453	0.6790686665220806	0.0	0.0	1.0	0.0	0.0	4.0	0.36363636363636365	1
0.4132231404958678	0.7508116063121261	0.0	0.6666666666666666	1.0	0.0	0.008758515119552612	4.0	0.25	0
0.38016528925619836	0.7247905185266516	0.0	0.6666666666666666	1.0	0.0	0.011616763658821583	4.0	0.2222222222222222	0
0.4132231404958678	0.755008600417673	0.0	0.6666666666666666	1.0	0.0	0.004368476569652557	4.0	0.23529411764705882	0
0.38016528925619836	0.7239994406459809	0.0	0.6666666666666666	1.0	0.0	0.005842390935868025	4.0	0.21052631578947367	0
0.35294117647058826	0.6905439350947543	0.0	0.0	0.0	0.0	8.014116319827735E-4	4.0	0.17391304347826086	0
0.3088235294117647	0.6560940041605302	0.0	0.0	0.0	0.0	0.006209682207554579	6.0	0.46153846153846156	0
0.2867647058823529	0.6715269983292517	0.0	0.0	0.0	0.0	0.20752161741256714	4.0	1.0666666666666667	0
0.21323529411764705	0.6912800532450314	0.0	0.0	0.0	0.0	0.4165897071361542	4.0	0.8	0
0.45588235294117646	0.7736560660465666	0.0	0.0	0.0	0.0	0.0	6.25	0.4716981132075472	0
0.25735294117647056	0.5889920415085466	0.0	0.0	0.0	0.0	0.40102219581604004	4.0	0.5	0
0.2647058823529412	0.5631134310107984	0.0	0.0	0.0	0.0	0.05337526276707649	4.0	0.5	0
0.3161764705882353	0.6643204780982187	0.0	0.0	0.0	0.0	0.009243510663509369	4.0	0.8421052631578947	0
0.4117647058823529	0.7450730385672013	0.0	0.0	0.0	0.0	0.0	4.0	0.25806451612903225	0
0.22058823529411764	0.5464873941961211	0.0	0.0	0.0	0.0	0.009860989637672901	4.0	0.36363636363636365	0
0.36666666666666664	0.6495858553259071	0.0	0.0	0.0	0.0	0.7033321857452393	5.0	0.5555555555555556	0
0.5666666666666667	0.8236365236815635	0.0	1.0	2.0	0.0	0.6507496237754822	0.0	0.0	0
0.6166666666666667	0.7491031000859044	0.0	0.5	2.0	0.0	0.014839754439890385	6.0	0.2857142857142857	1
0.5	0.755522250629349	0.0	0.5	1.0	0.0	0.07195869833230972	4.0	0.4444444444444444	0
0.5333333333333333	0.7989335276102991	0.0	0.5	1.0	0.0	0.12638357281684875	0.0	0.0	0
0.43333333333333335	0.7459350485084028	0.0	0.0	0.0	0.0	0.32047292590141296	4.0	0.4	0
0.5666666666666667	0.7731683954325902	0.0	1.0	2.0	0.0	0.0	0.0	0.0	0
0.4666666666666667	0.5505642855167944	0.0	0.0	1.0	0.0	0.0	4.0	0.38095238095238093	0
0.31666666666666665	0.5471712758441185	0.0	0.0	0.0	0.0	0.01479189284145832	4.0	0.21052631578947367	0
0.31666666666666665	0.5780149465218648	0.0	0.0	0.0	0.0	0.03330259025096893	4.0	0.36363636363636365	0
0.5612244897959183	0.8128941192347732	0.0	0.0	0.0	0.0	1.4991477655712515E-4	5.0	0.9615384615384616	1
0.41836734693877553	0.716771245579274	0.0	0.0	0.0	0.0	0.01803291030228138	4.0	0.34782608695652173	0
0.41836734693877553	0.716771245579274	0.0	0.0	0.0	0.0	0.01803291030228138	4.0	0.34782608695652173	0
0.41836734693877553	0.716771245579274	0.0	0.0	0.0	0.0	0.01803291030228138	4.0	0.34782608695652173	0
0.41836734693877553	0.716771245579274	0.0	0.0	0.0	0.0	0.01803291030228138	4.0	0.34782608695652173	0
0.41836734693877553	0.716771245579274	0.0	0.0	0.0	0.0	0.01803291030228138	4.0	0.34782608695652173	0
0.3673469387755102	0.6981645030415677	0.0	0.0	0.0	0.0	0.0	0.0	0.0	0
0.3673469387755102	0.6981645030415677	0.0	0.0	0.0	0.0	0.0	0.0	0.0	0
0.3673469387755102	0.6981645030415677	0.0	0.0	0.0	0.0	0.0	0.0	0.0	0
0.3673469387755102	0.6981645030415677	0.0	0.0	0.0	0.0	0.0	0.0	0.0	0
0.4625	0.6845495848642028	0.0	2.0	2.0	0.0	0.0741148591041565	4.0	0.6666666666666666	1
0.35	0.7147452255436388	0.0	0.0	0.0	0.0	0.35114285349845886	0.0	0.0	0
0.325	0.7385892116182572	0.0	0.0	0.0	0.0	0.3208475410938263	0.0	0.0	0
0.55	0.7667697128876318	0.0	1.0	2.0	0.0	0.00202699052169919	5.0	0.5555555555555556	1
0.55	0.7357775849055053	0.0	2.0	2.0	0.0	0.01965516246855259	5.0	0.5882352941176471	1
0.4	0.6344942770048183	0.0	1.0	1.0	0.0	0.49463215470314026	4.0	0.7272727272727273	0
0.3875	0.6689628652306928	0.0	0.0	0.0	0.0	0.17246705293655396	4.0	1.1428571428571428	0
0.4625	0.6845495848642028	0.0	2.0	2.0	0.0	0.0741148591041565	4.0	0.6666666666666666	1
0.5625	0.7184972011241664	0.0	0.0	0.0	0.0	0.0	4.0	0.8648648648648649	0
0.5375	0.7115930882587415	0.0	0.0	0.0	0.0	0.0	4.0	0.8	0
0.37435897435897436	0.7896558273401365	0.0	2.0	3.0	0.0	0.006608166731894016	7.0	0.5185185185185185	1
0.15897435897435896	0.5626156568227431	0.0	0.0	0.0	0.0	0.3780125081539154	0.0	0.0	0
0.40512820512820513	0.784250314656795	0.0	2.6666666666666665	4.0	0.0	0.0	6.0	0.5581395348837209	0
0.1794871794871795	0.6655474819919659	0.0	1.0	1.0	0.0	0.400505393743515	4.0	1.0	0
0.1794871794871795	0.6633537370623516	0.0	1.0	1.0	0.0	0.5285702347755432	4.0	1.0	0
0.4461538461538462	0.7813227765722235	0.0	2.6666666666666665	4.0	0.0	8.440529927611351E-4	0.0	0.0	0
0.4358974358974359	0.7891911206399674	0.0	2.6666666666666665	4.0	0.0	0.0017809150740504265	0.0	0.0	0
0.4512820512820513	0.7641183903025824	0.0	2.6666666666666665	4.0	0.0	0.0	0.0	0.0	0
0.441025641025641	0.7746175037740595	0.0	2.6666666666666665	4.0	0.0	0.0	0.0	0.0	0
0.37948717948717947	0.7648801613379923	0.0	2.0	3.0	0.0	0.0	4.0	0.7272727272727273	0
0.37404580152671757	0.7059626220001616	0.0	0.0	0.0	0.0	0.0	4.0	0.125	0
0.2595419847328244	0.6562075326207896	0.0	0.0	1.0	0.0	0.037823636084795	5.0	0.7894736842105263	0
0.22137404580152673	0.59508211558135	0.0	0.0	0.0	0.0	8.557591936551034E-4	4.0	0.36363636363636365	0
0.4580152671755725	0.6724159833553814	0.0	1.5	1.0	0.0	0.0	5.0	0.8108108108108109	1
0.549618320610687	0.8257551579501101	0.0	1.0	2.0	0.0	0.0	4.333333333333333	0.11926605504587157	0
0.2748091603053435	0.6580542259024136	0.0	0.0	1.0	0.0	0.004893883131444454	4.0	0.2857142857142857	0
0.2900763358778626	0.7166981565633822	0.0	0.0	0.0	0.0	0.04575252905488014	4.0	0.25	0
0.3511450381679389	0.6620989325569103	0.0	0.5	0.0	0.0	0.0	10.666666666666666	0.6956521739130435	0
0.6030534351145038	0.800997372744031	0.0	1.5	2.0	0.0	0.0	4.5	0.13846153846153847	0
0.42748091603053434	0.739598020668355	0.0	0.5	1.0	0.0	0.0	4.5	0.24324324324324326	0
0.4057971014492754	0.7752276451651443	0.0	0.0	1.0	0.0	0.06289520114660263	0.0	0.0	0
0.5942028985507246	0.7686834197317748	0.0	0.0	2.0	0.0	0.0	0.0	0.0	0
0.7246376811594203	0.7167629875177899	0.0	1.0	3.0	0.0	0.0	4.0	0.13186813186813187	1
0.43478260869565216	0.6855319970976503	0.0	0.0	0.0	0.0	0.0	4.0	0.15384615384615385	0
0.14492753623188406	0.5793487184646956	0.0	0.0	1.0	0.0	0.9995575547218323	0.0	0.0	0
0.7391304347826086	0.7503129940894515	0.0	1.5	3.0	0.0	0.0	4.0	0.13333333333333333	1
0.17391304347826086	0.6583508164371541	0.0	0.0	0.0	0.0	0.7331464290618896	0.0	0.0	0
0.2463768115942029	0.6139829491683039	0.0	0.0	0.0	0.0	0.2545451521873474	4.0	0.5	0
0.2898550724637681	0.6381984116657435	0.0	0.0	0.0	0.0	0.6928130984306335	4.0	0.3333333333333333	0
0.42028985507246375	0.6250135214229423	0.0	0.0	0.0	0.0	0.0	0.0	0.0	0
0.45217391304347826	0.8251934072689688	0.0	0.5	2.0	0.0	0.0	5.5	0.6875	1
0.34782608695652173	0.7483416069043599	0.0	0.0	1.0	0.0	0.07673641294240952	4.0	0.2222222222222222	0
0.5391304347826087	0.8104164156492396	0.0	1.0	3.0	0.0	0.0	7.333333333333333	0.2894736842105263	1
0.5217391304347826	0.8349100617009819	0.0	0.5	2.0	0.0	4.936542827636003E-4	7.0	0.2413793103448276	1
0.30434782608695654	0.7993916979730781	0.0	0.0	0.0	0.0	0.12123413383960724	6.0	0.3157894736842105	0
0.3826086956521739	0.8503202605398146	0.0	1.0	2.0	0.0	0.0017201201990246773	4.0	0.5	0
0.4	0.8412519149630701	0.0	0.0	0.0	0.0	5.427866126410663E-4	6.0	0.2727272727272727	0
0.3652173913043478	0.8309983661396293	0.0	0.0	0.0	0.0	0.0021420109551399946	6.0	0.375	0
0.3826086956521739	0.7817580575766131	0.0	1.0	2.0	0.0	0.0	4.0	0.21052631578947367	0
0.33043478260869563	0.7426801813156196	0.0	0.0	1.0	0.0	5.234540440142155E-4	0.0	0.0	0
0.45	0.6303705431039383	0.0	1.6666666666666665	3.0	0.0	0.0	5.0	0.125	0
0.2	0.614079861954521	0.0	2.0	2.0	0.0	0.8076575398445129	0.0	0.0	0
0.36428571428571427	0.6523433711152562	0.0	2.0	2.0	0.0	0.0	5.5	0.8148148148148148	0
0.36428571428571427	0.7106676443029974	0.0	1.0	2.0	0.0	0.0010692114010453224	0.0	0.0	0
0.2357142857142857	0.6585205579554531	0.0	1.0	2.0	0.0	0.07613075524568558	0.0	0.0	0
0.32142857142857145	0.7263714042201452	0.0	1.0	2.0	0.0	0.0021946283522993326	4.0	0.14814814814814814	0
0.4142857142857143	0.7624671490432743	0.0	2.0	3.0	0.0	0.0024489364586770535	0.0	0.0	0
0.15714285714285714	0.6199667696934678	0.0	0.0	1.0	0.0	0.24704064428806305	0.0	0.0	0
0.15714285714285714	0.6199667696934678	0.0	0.0	1.0	0.0	0.24704064428806305	0.0	0.0	0
0.37142857142857144	0.6939274731220573	0.0	2.0	3.0	1.0	0.0	4.0	0.7272727272727273	1
0.449438202247191	0.7437213914462348	0.0	0.0	0.0	0.0	0.0	5.6	0.3333333333333333	0
0.4606741573033708	0.6630545089930209	0.0	0.0	0.0	0.0	0.0	4.0	0.125	0
0.4157303370786517	0.7008421535770887	0.0	0.0	0.0	0.0	0.0149009320884943	4.0	0.6956521739130435	0
0.4044943820224719	0.7204659546939735	0.0	0.0	0.0	0.0	0.01600617915391922	4.0	0.8	0
0.29213483146067415	0.7780606412587148	0.0	0.0	0.0	0.0	0.7066118121147156	4.0	0.7272727272727273	0
0.3146067415730337	0.7706277613080943	0.0	0.0	0.0	0.0	0.6054565906524658	4.0	0.7272727272727273	0
0.29213483146067415	0.7780606412587148	0.0	0.0	0.0	0.0	0.7066118121147156	4.0	0.7272727272727273	0
0.3146067415730337	0.7706277613080943	0.0	0.0	0.0	0.0	0.6054565906524658	4.0	0.7272727272727273	0
0.3258426966292135	0.6482645677708311	0.0	0.0	0.0	0.0	0.007162552792578936	0.0	0.0	0
0.3258426966292135	0.6688137468361346	0.0	0.0	0.0	0.0	0.027135709300637245	0.0	0.0	0
0.07630522088353414	0.5504661164454768	0.0	0.0	0.0	0.0	0.6582418084144592	0.0	0.0	0
0.12048192771084337	0.6418272001143406	0.0	0.0	0.0	0.0	0.30941230058670044	0.0	0.0	0
0.3614457831325301	0.8127487033427753	0.0	0.0	0.0	0.0	0.0	4.333333333333333	0.3023255813953488	0
0.3895582329317269	0.8103338369933055	0.0	0.0	0.0	0.0	0.0	7.333333333333333	0.3333333333333333	0
0.39357429718875503	0.7986052762695126	0.0	0.0	0.0	0.0	0.0	5.166666666666667	0.37349397590361444	0
0.20883534136546184	0.7842897566058935	0.0	0.0	0.0	0.0	0.06672068685293198	0.0	0.0	0
0.12048192771084337	0.7428711033569836	0.0	0.0	0.0	0.0	0.6376444101333618	0.0	0.0	0
0.20481927710843373	0.7489034550556675	0.0	1.0	1.0	0.0	0.009218709543347359	4.0	0.23529411764705882	0
0.3132530120481928	0.755685391389629	0.0	1.0	1.0	0.0	0.0	4.0	0.1111111111111111	0
0.3092369477911647	0.7484513367891545	0.0	1.0	1.0	0.0	0.0	4.0	0.11764705882352941	0
0.19083969465648856	0.8207149518367921	0.0	1.0	1.0	0.0	0.3530366122722626	4.0	0.2222222222222222	0
0.21374045801526717	0.7969009295613917	0.0	0.0	0.0	0.0	0.0019826616626232862	4.0	0.3076923076923077	0
0.3893129770992366	0.8610236913577041	0.0	2.0	2.0	1.0	4.619682440534234E-4	5.0	0.29411764705882354	1
0.11068702290076336	0.7325922022794156	0.0	0.0	0.0	0.0	0.13387708365917206	4.0	0.5	0
0.13740458015267176	0.7851360069801613	0.0	0.0	0.0	0.0	0.672767162322998	4.0	0.3333333333333333	0
0.11450381679389313	0.6118094733114284	0.0	0.0	0.0	0.0	0.08520518243312836	4.0	0.5	0
0.29389312977099236	0.8276446786534278	0.0	4.0	4.0	2.0	0.12963837385177612	5.0	0.20833333333333334	0
0.33587786259541985	0.8544974439992209	0.0	4.0	4.0	2.0	0.006317381281405687	4.5	0.34615384615384615	1
0.3549618320610687	0.8038187209074121	0.0	4.0	4.0	2.0	0.0	5.0	0.15151515151515152	1
0.11450381679389313	0.6750056289871	0.0	0.0	0.0	0.0	0.041535019874572754	0.0	0.0	0
0.43157894736842106	0.7667085882053165	0.0	2.0	3.0	1.0	0.0017201201990246773	4.0	0.5	1
0.4	0.7366596483458931	0.0	0.0	1.0	0.0	0.001739205908961594	4.0	0.5454545454545454	0
0.4631578947368421	0.7239772807666349	0.0	0.0	1.0	0.0	0.0	4.0	0.21621621621621623	0
0.4631578947368421	0.7239772807666349	0.0	0.0	1.0	0.0	0.0	4.0	0.21621621621621623	0
0.4631578947368421	0.7239772807666349	0.0	0.0	1.0	0.0	0.0	4.0	0.21621621621621623	0
0.4631578947368421	0.7239772807666349	0.0	0.0	1.0	0.0	0.0	4.0	0.21621621621621623	0
0.3684210526315789	0.7357284886477569	0.0	0.0	3.0	0.0	0.015468597412109375	7.0	0.35	1
0.3684210526315789	0.6898796330128736	0.0	1.0	2.0	1.0	0.04089443385601044	4.0	0.5714285714285714	0
0.25263157894736843	0.6957274463677302	0.0	0.0	0.0	0.0	0.892648458480835	4.0	0.4444444444444444	0
0.3684210526315789	0.7357284886477569	0.0	0.0	3.0	0.0	0.015468597412109375	7.0	0.35	1
0.42	0.8019595986771936	0.0	0.0	0.0	0.0	0.0	4.666666666666667	0.1728395061728395	1
0.656	0.8084006484153095	0.0	1.5	3.0	0.0	0.0	7.875	0.19325153374233128	1
0.328	0.7382535106252426	0.0	1.0	1.0	0.0	0.0	5.0	0.30303030303030304	1
0.076	0.5036975620241889	0.0	0.0	0.0	0.0	0.9739840626716614	0.0	0.0	0
0.34	0.6615078198354742	0.0	0.0	0.0	0.0	0.0	4.0	0.18604651162790697	0
0.104	0.5900048376427094	0.0	0.0	0.0	0.0	0.08058539777994156	4.0	0.4	0
0.104	0.5900048376427094	0.0	0.0	0.0	0.0	0.08058539777994156	4.0	0.4	0
0.656	0.8084006484153095	0.0	1.5	3.0	0.0	0.0	7.875	0.19325153374233128	0
0.12	0.6365473735955673	0.0	0.0	0.0	0.0	0.21010728180408478	4.0	0.7272727272727273	0
0.144	0.6150013597230729	0.0	0.0	0.0	0.0	0.006087298970669508	4.0	0.3076923076923077	0
0.40860215053763443	0.7493749211508678	0.0	0.0	0.0	0.0	0.11406362056732178	4.0	0.15384615384615385	0
0.1827956989247312	0.6423212409508007	0.0	0.0	0.0	0.0	0.6313526034355164	4.0	0.5714285714285714	0
0.20430107526881722	0.6684660401597428	0.0	0.0	0.0	0.0	0.528156578540802	4.0	0.5714285714285714	0
0.5161290322580645	0.7836287040667422	0.0	0.0	0.0	0.0	0.0	0.0	0.0	0
0.44086021505376344	0.7040294970814645	0.0	0.0	0.0	0.0	0.0010039228945970535	12.0	0.5714285714285714	0
0.21505376344086022	0.5686070419664017	0.0	0.0	0.0	0.0	0.6764643788337708	4.5	1.6363636363636365	0
0.45161290322580644	0.7695815496522929	0.0	0.0	0.0	0.0	0.0	4.923076923076923	1.0847457627118644	0
0.3978494623655914	0.7441521861616179	0.0	0.0	0.0	0.0	0.0	5.0	0.5172413793103449	0
0.3763440860215054	0.7029388327865222	0.0	0.0	0.0	0.0	0.0	5.0	1.1538461538461537	0
0.3870967741935484	0.6948416684035381	0.0	0.0	0.0	0.0	0.006447863765060902	5.0	0.625	0
0.21428571428571427	0.6529808366587567	0.0	0.0	0.0	0.0	0.008404955267906189	4.0	0.2857142857142857	0
0.2916666666666667	0.691678996222739	0.0	0.0	0.0	0.0	0.057285986840724945	4.0	0.5217391304347826	0
0.15476190476190477	0.6699028780598728	0.0	0.0	0.0	0.0	0.7600481510162354	4.0	0.36363636363636365	0
0.16666666666666666	0.6313607589819481	0.0	0.0	0.0	0.0	0.9176620841026306	0.0	0.0	0
0.19047619047619047	0.6714346408227733	0.0	0.0	0.0	0.0	0.3770434558391571	4.0	0.3333333333333333	0
0.13690476190476192	0.6276804285553814	0.0	0.0	0.0	0.0	0.033257175236940384	4.0	0.5714285714285714	0
0.32142857142857145	0.7248918693341975	0.0	0.0	1.0	0.0	0.0	4.0	0.375	0
0.16666666666666666	0.6557104716558593	0.0	0.0	0.0	0.0	0.14984765648841858	4.0	0.36363636363636365	0
0.1488095238095238	0.6772148631085209	0.0	0.0	0.0	0.0	0.28324875235557556	4.0	0.5714285714285714	0
0.16666666666666666	0.7150069063500637	0.0	0.0	0.0	0.0	0.13897612690925598	4.0	0.5714285714285714	0
0.35	0.6711120507972893	0.0	0.0	0.0	0.0	0.010196428745985031	4.5	0.9	0
0.4125	0.7262730392025629	0.0	0.5	1.0	0.0	0.1615181863307953	4.0	0.4	0
0.475	0.7204107810683196	0.0	0.0	0.0	0.0	0.013754073530435562	4.0	0.16	0
0.2625	0.655204160765649	0.0	0.0	0.0	0.0	0.4701222777366638	4.0	0.5714285714285714	0
0.525	0.7756358833417788	0.0	0.5	2.0	0.0	0.0	5.0	0.15625	0
0.475	0.7175716346823954	0.0	0.5	1.0	0.0	2.577143895905465E-4	4.0	0.18181818181818182	0
0.5375	0.7529704466058221	0.0	1.5	2.0	0.0	2.0551808120217174E-4	4.0	0.23529411764705882	1
0.65	0.8039282105951714	0.0	2.0	2.0	0.0	0.0	4.0	0.2962962962962963	0
0.5375	0.7529704466058221	0.0	1.5	2.0	0.0	2.0551808120217174E-4	4.0	0.23529411764705882	1
0.4125	0.7171738858436538	0.0	0.5	1.0	0.0	0.0	0.0	0.0	0
0.40350877192982454	0.5691566668698985	0.0	0.0	0.0	0.0	0.0	4.0	0.19047619047619047	0
0.2719298245614035	0.5062429168147143	0.0	0.0	0.0	0.0	0.11392180621623993	4.0	0.4	0
0.2982456140350877	0.5651935681337917	0.0	0.0	0.0	0.0	0.004242160823196173	4.0	0.4	0
0.2719298245614035	0.6799711857311626	0.0	0.0	0.0	0.0	0.512217104434967	4.0	0.4	0
0.16666666666666666	0.48757009010168245	0.0	0.0	0.0	0.0	0.7294546365737915	4.0	0.5714285714285714	0
0.20175438596491227	0.5998404891637371	0.0	0.0	0.0	0.0	0.9634041786193848	4.0	0.8	0
0.42105263157894735	0.7244288861099457	0.0	0.5	1.0	0.0	0.24107223749160767	4.0	0.4	0
0.20175438596491227	0.5998404891637371	0.0	0.0	0.0	0.0	0.9502051472663879	4.0	0.8	0
0.42105263157894735	0.7237141065712069	0.0	0.5	1.0	0.0	0.17180600762367249	4.0	0.4	0
0.20175438596491227	0.5998404891637371	0.0	0.0	0.0	0.0	0.9222666025161743	4.0	0.8	0
0.31702544031311153	0.6989567415058516	0.0	0.0	1.0	0.0	0.0	5.0	0.2857142857142857	0
0.22309197651663404	0.5982063216416034	0.0	0.0	0.0	0.0	0.0	5.0	0.11904761904761904	0
0.3972602739726027	0.6957031661416945	0.0	1.0	2.0	0.0	0.0	5.0	0.14084507042253522	0
0.26614481409001955	0.6760034307938005	0.0	1.0	2.0	0.0	0.0	5.0	0.2777777777777778	0
0.4070450097847358	0.6943479979862197	0.0	1.0	2.0	0.0	0.0	5.0	0.12195121951219512	0
0.11937377690802348	0.5680054817407318	0.0	0.0	1.0	0.0	5.314547452144325E-4	0.0	0.0	0
0.08610567514677103	0.5493526877688572	0.0	0.0	0.0	0.0	0.002522926079109311	0.0	0.0	0
0.136986301369863	0.615508905780888	0.0	0.0	0.0	0.0	7.086687837727368E-4	0.0	0.0	0
0.26614481409001955	0.666046104089605	0.0	1.0	1.0	0.0	0.0	5.0	0.09433962264150944	0
0.5440313111545988	0.8271683030720819	0.0	1.0	8.0	0.0	0.0	6.0	0.27906976744186046	1
0.31496062992125984	0.6950762544033189	0.0	0.0	0.0	0.0	0.08356017619371414	4.0	0.2222222222222222	0
0.3779527559055118	0.7329066875555998	0.0	0.0	0.0	0.0	0.0010707291075959802	4.0	0.17391304347826086	0
0.2755905511811024	0.7657370812663745	0.0	0.0	0.0	0.0	0.04134078323841095	0.0	0.0	0
0.2992125984251969	0.7915259422099086	0.0	0.0	0.0	0.0	0.21895559132099152	0.0	0.0	0
0.2204724409448819	0.7380486615624786	0.0	0.0	0.0	0.0	0.28864362835884094	4.0	0.4	0
0.30708661417322836	0.7980025306864333	0.0	0.0	0.0	0.0	0.4557599723339081	0.0	0.0	0
0.3543307086614173	0.8253247777509678	0.0	0.0	0.0	0.0	0.006166457198560238	0.0	0.0	0
0.28346456692913385	0.7457822756302888	0.0	0.0	0.0	0.0	0.13495515286922455	0.0	0.0	0
0.25196850393700787	0.6948372714666665	0.0	0.0	0.0	0.0	0.3768208622932434	0.0	0.0	0
0.1968503937007874	0.6830290187405539	0.0	0.0	0.0	0.0	0.7127148509025574	0.0	0.0	0
0.5760869565217391	0.7168181503915507	0.0	2.0	2.0	1.0	4.066414840053767E-4	4.0	0.11764705882352941	1
0.2608695652173913	0.6022648807657669	0.0	0.0	0.0	0.0	0.054020896553993225	6.0	0.35294117647058826	0
0.2608695652173913	0.6412793070677654	0.0	0.0	0.0	0.0	0.24608765542507172	6.0	0.4	0
0.29347826086956524	0.5885739531924545	0.0	0.0	0.0	0.0	0.010109137743711472	6.0	0.2727272727272727	0
0.2717391304347826	0.588104969871429	0.0	0.0	0.0	0.0	0.04876726120710373	6.0	0.8	0
0.29347826086956524	0.6040604239919928	0.0	0.0	0.0	0.0	0.004620566498488188	5.5	0.5789473684210527	0
0.31521739130434784	0.5612769583532927	0.0	0.0	0.0	0.0	0.0	6.0	1.0714285714285714	0
0.33695652173913043	0.5662038090079797	0.0	0.0	0.0	0.0	0.0	6.0	1.0	0
0.5217391304347826	0.6626926328813445	0.0	2.0	2.0	1.0	9.438281995244324E-4	4.0	0.6153846153846154	1
0.33695652173913043	0.6082216164380828	0.0	0.0	0.0	0.0	3.338342357892543E-4	0.0	0.0	0
0.1111111111111111	0.7148076060341092	0.0	0.0	1.0	0.0	0.2279030978679657	0.0	0.0	0
0.31746031746031744	0.6966909893129835	0.0	0.0	1.0	0.0	0.0	0.0	0.0	0
0.2804232804232804	0.7839054611499563	0.0	0.0	0.0	0.0	0.0	0.0	0.0	0
0.12698412698412698	0.70999345458867	0.0	0.0	0.0	0.0	0.7254111766815186	0.0	0.0	0
0.047619047619047616	0.5070146973032634	0.0	0.0	0.0	0.0	0.9895094633102417	0.0	0.0	0
0.047619047619047616	0.5111705554778804	0.0	0.0	0.0	0.0	0.9837242364883423	0.0	0.0	0
0.12698412698412698	0.70999345458867	0.0	0.0	0.0	0.0	0.7254111766815186	0.0	0.0	0
0.047619047619047616	0.5070146973032634	0.0	0.0	0.0	0.0	0.9895094633102417	0.0	0.0	0
0.047619047619047616	0.5111705554778804	0.0	0.0	0.0	0.0	0.9837242364883423	0.0	0.0	0
0.18518518518518517	0.82607676730658	0.0	0.0	1.0	0.0	0.6489921808242798	5.0	0.4166666666666667	0
0.15942028985507245	0.6936725332071577	0.0	0.0	0.0	0.0	0.14268577098846436	4.0	0.7272727272727273	0
0.2427536231884058	0.8203487972939938	0.0	0.0	0.0	0.0	0.004410124383866787	5.5	0.4782608695652174	0
0.2427536231884058	0.8203487972939938	0.0	0.0	0.0	0.0	0.004410124383866787	5.5	0.4782608695652174	0
0.37681159420289856	0.8605556035129096	0.0	0.0	0.0	0.0	0.0011179965222254395	4.0	0.35555555555555557	1
0.34057971014492755	0.816264537590869	0.0	0.0	0.0	0.0	0.0	0.0	0.0	0
0.16666666666666666	0.7261033341187726	0.0	0.0	0.0	0.0	0.1459890604019165	5.0	0.7692307692307693	0
0.34057971014492755	0.816264537590869	0.0	0.0	0.0	0.0	0.0	0.0	0.0	0
0.2536231884057971	0.8085252175623796	0.0	0.0	0.0	0.0	0.003246772801503539	0.0	0.0	0
0.2536231884057971	0.8092943396145642	0.0	0.0	0.0	0.0	0.003981313202530146	0.0	0.0	0
0.2717391304347826	0.8010130379830923	0.0	0.0	0.0	0.0	9.014305542223155E-4	0.0	0.0	0
0.13402061855670103	0.5096196917465291	0.0	0.0	0.0	0.0	0.09523611515760422	0.0	0.0	0
0.4845360824742268	0.7304704620367087	0.0	0.5	1.0	0.0	0.0	4.25	0.37777777777777777	1
0.23711340206185566	0.6650956311775047	0.0	0.0	0.0	0.0	0.05246012285351753	0.0	0.0	0
0.1958762886597938	0.5490297731054959	0.0	0.0	0.0	0.0	0.011525524780154228	0.0	0.0	0
0.3711340206185567	0.5765502384212972	0.0	0.0	1.0	0.0	0.0	5.0	0.15151515151515152	0
0.38144329896907214	0.5691387800514032	0.0	0.0	0.0	0.0	0.0	5.0	0.16129032258064516	0
0.38144329896907214	0.5818201030112329	0.0	0.0	0.0	0.0	0.0	5.0	0.16129032258064516	0
0.4742268041237113	0.6947782644374347	0.0	0.0	1.0	0.0	0.0	12.0	0.19672131147540983	0
0.41237113402061853	0.7043590026898477	0.0	0.0	1.0	0.0	0.0	4.0	0.1	0
0.4020618556701031	0.6562874944787336	0.0	0.0	0.0	0.0	0.0	10.0	0.2857142857142857	0
0.18333333333333332	0.4995436144353613	0.0	0.0	0.0	0.0	0.19681037962436676	0.0	0.0	0
0.18333333333333332	0.4995436144353613	0.0	0.0	0.0	0.0	0.14176921546459198	0.0	0.0	0
0.18333333333333332	0.5012255794671302	0.0	0.0	0.0	0.0	0.15261833369731903	0.0	0.0	0
0.49166666666666664	0.7812536318010426	0.0	0.0	1.0	0.0	0.0	5.0	0.07042253521126761	0
0.18333333333333332	0.5012255794671302	0.0	0.0	0.0	0.0	0.21027812361717224	0.0	0.0	0
0.44166666666666665	0.7869744257500414	0.0	0.0	1.0	0.0	0.0	5.0	0.09803921568627451	0
0.18333333333333332	0.4995436144353613	0.0	0.0	0.0	0.0	0.19681037962436676	0.0	0.0	0
0.18333333333333332	0.5012255794671302	0.0	0.0	0.0	0.0	0.21027812361717224	0.0	0.0	0
0.44166666666666665	0.7869744257500414	0.0	0.0	1.0	0.0	0.0	5.0	0.09803921568627451	0
0.18333333333333332	0.4995436144353613	0.0	0.0	0.0	0.0	0.14176921546459198	0.0	0.0	0
0.29850746268656714	0.6062611429151327	0.0	0.0	0.0	0.0	0.041505031287670135	0.0	0.0	0
0.3805970149253731	0.6898129478532063	0.0	0.0	0.0	0.0	0.0012597559252753854	0.0	0.0	0
0.3656716417910448	0.6716143966128237	0.0	0.0	0.0	0.0	0.00864775013178587	4.0	0.4	0
0.27611940298507465	0.630086586552744	0.0	0.0	0.0	0.0	0.007422524970024824	0.0	0.0	0
0.3805970149253731	0.7560185420558267	0.0	0.0	0.0	0.0	0.002347861882299185	0.0	0.0	0
0.34328358208955223	0.7010981316089908	0.0	0.0	0.0	0.0	0.03588679060339928	0.0	0.0	0
0.3358208955223881	0.6891366854001684	0.0	0.0	0.0	0.0	0.0	4.0	0.18181818181818182	0
0.3805970149253731	0.7014783791871863	0.0	0.0	0.0	0.0	0.006548204924911261	4.0	0.16	0
0.34328358208955223	0.7068849358173626	0.0	0.0	0.0	0.0	0.0335603766143322	0.0	0.0	0
0.3208955223880597	0.737113837532944	0.0	0.0	0.0	0.0	0.002808992750942707	0.0	0.0	0
0.2265625	0.7084427652654299	0.0	0.0	0.0	0.0	0.02100183628499508	0.0	0.0	1
0.2265625	0.7084427652654299	0.0	0.0	0.0	0.0	0.02100183628499508	0.0	0.0	0
0.203125	0.6790253186820945	0.0	0.0	0.0	0.0	0.380653440952301	4.0	0.6	0
0.25	0.714123029262776	0.0	0.0	0.0	0.0	0.0012934632832184434	4.0	0.14285714285714285	0
0.203125	0.6790253186820945	0.0	0.0	0.0	0.0	0.380653440952301	4.0	0.6	0
0.25	0.714123029262776	0.0	0.0	0.0	0.0	0.0012934632832184434	4.0	0.14285714285714285	0
0.296875	0.67397025669062	0.0	0.0	0.0	0.0	0.0	0.0	0.0	0
0.2109375	0.7689007421670907	0.0	0.0	1.0	0.0	4.946287954226136E-4	13.0	0.8666666666666667	0
0.2109375	0.7689007421670907	0.0	0.0	1.0	0.0	4.946287954226136E-4	13.0	0.8666666666666667	1
0.3046875	0.7307790108267616	0.0	0.0	0.0	0.0	0.0	0.0	0.0	0
0.3103448275862069	0.5480406712365277	0.0	0.0	0.0	0.0	0.09286797791719437	4.0	0.2857142857142857	0
0.3103448275862069	0.5345483697355379	0.0	0.0	0.0	0.0	0.09389673173427582	4.0	0.2857142857142857	0
0.31896551724137934	0.44265658833509014	0.0	0.0	0.0	0.0	0.023172110319137573	4.0	0.25	0
0.2413793103448276	0.5570409352875783	0.0	0.0	0.0	0.0	0.15183140337467194	4.0	0.2857142857142857	0
0.3103448275862069	0.5480406712365277	0.0	0.0	0.0	0.0	0.04329240694642067	4.0	0.2857142857142857	0
0.25862068965517243	0.590004766352115	0.0	0.0	0.0	0.0	0.526387095451355	4.0	0.4	0
0.25862068965517243	0.590004766352115	0.0	0.0	0.0	0.0	0.5253416299819946	4.0	0.4	0
0.1724137931034483	0.6381251253498527	0.0	0.0	0.0	0.0	0.9508731365203857	4.0	0.5	0
0.45689655172413796	0.6216495135318336	0.0	0.0	0.0	0.0	0.0	0.0	0.0	0
0.2413793103448276	0.5659965773340024	0.0	0.0	0.0	0.0	0.2014361172914505	4.0	0.2857142857142857	0
0.5656565656565656	0.796395697440887	1.0	1.0	1.0	4.0	1.1977641406701878E-4	6.0	0.6	1
0.5555555555555556	0.750540691589203	0.0	0.0	2.0	2.0	0.0	4.0	0.21818181818181817	0
0.5555555555555556	0.750540691589203	0.0	0.0	2.0	2.0	0.0	4.0	0.21818181818181817	0
0.5555555555555556	0.7508469409915587	0.0	0.0	2.0	2.0	0.0	4.0	0.21818181818181817	0
0.5555555555555556	0.750540691589203	0.0	0.0	2.0	2.0	0.0	4.0	0.21818181818181817	0
0.5555555555555556	0.750540691589203	0.0	0.0	2.0	2.0	0.0	4.0	0.21818181818181817	0
0.45454545454545453	0.7113237482164727	0.0	0.0	2.0	0.0	3.5843515070155263E-4	0.0	0.0	0
0.45454545454545453	0.7113237482164727	0.0	0.0	2.0	0.0	3.5843515070155263E-4	0.0	0.0	0
0.47474747474747475	0.675021484074038	1.0	1.0	2.0	5.0	0.0	4.0	0.13793103448275862	0
0.46464646464646464	0.6725629288667159	0.0	1.0	1.0	2.0	0.0019529878627508879	4.0	0.36363636363636365	0
0.34444444444444444	0.6957685929058763	0.0	0.0	0.0	0.0	0.39036110043525696	0.0	0.0	0
0.37777777777777777	0.786516226834184	0.0	0.0	0.0	0.0	0.40563103556632996	4.0	0.5714285714285714	0
0.5444444444444444	0.7806967247261759	0.0	0.0	0.0	0.0	0.0	4.166666666666667	0.3787878787878788	0
0.45555555555555555	0.7268913982266291	0.0	0.0	0.0	0.0	0.0014495926443487406	4.0	1.0	0
0.5444444444444444	0.7806967247261759	0.0	0.0	0.0	0.0	0.0	4.166666666666667	0.3787878787878788	0
0.45555555555555555	0.7268913982266291	0.0	0.0	0.0	0.0	0.0014495926443487406	4.0	1.0	0
0.2777777777777778	0.7474072275134732	0.0	0.0	0.0	0.0	0.8010401725769043	4.0	0.4444444444444444	0
0.26666666666666666	0.7569283386919887	0.0	0.0	0.0	0.0	0.831904947757721	4.0	0.4444444444444444	0
0.24444444444444444	0.7228167763976818	0.0	0.0	0.0	0.0	0.9167529344558716	4.0	0.4444444444444444	0
0.3111111111111111	0.7744508786963447	0.0	0.0	0.0	0.0	0.8958470821380615	4.0	0.4444444444444444	0
0.20161290322580644	0.6342819978005215	0.0	0.0	0.0	0.0	0.19577369093894958	4.0	0.5	0
0.532258064516129	0.7733638115921173	0.0	2.0	2.0	2.0	2.347377158002928E-4	0.0	0.0	0
0.21774193548387097	0.6199304198780667	0.0	0.0	0.0	0.0	0.32772403955459595	4.0	0.36363636363636365	0
0.21774193548387097	0.6888659010186047	0.0	0.0	1.0	0.0	0.6212177872657776	4.0	0.5714285714285714	0
0.20967741935483872	0.6633343421112872	0.0	0.0	0.0	0.0	0.7696775794029236	5.0	0.5	0
0.20967741935483872	0.7709791518906143	0.0	0.0	0.0	0.0	0.8690619468688965	4.0	0.4444444444444444	0
0.3709677419354839	0.5086900263864605	0.0	0.0	0.0	0.0	0.0	4.0	0.4444444444444444	0
0.43548387096774194	0.7808374706617943	0.0	0.0	0.0	0.0	0.6862282156944275	5.0	0.35714285714285715	0
0.5	0.7767676534918341	0.0	0.0	0.0	0.0	0.0	4.0	0.2	0
0.25806451612903225	0.6412800985963553	0.0	0.0	0.0	0.0	0.6247411966323853	4.0	0.36363636363636365	0
0.4307692307692308	0.695105080917466	0.0	0.0	0.0	0.0	0.00922012235969305	4.0	0.2	1
0.2846153846153846	0.6764878682496548	0.0	0.0	0.0	0.0	0.018679721280932426	5.0	0.35714285714285715	0
0.2	0.6609602244109529	0.0	0.0	0.0	0.0	0.11698422580957413	4.0	0.5	0
0.07692307692307693	0.4639343502849534	0.0	0.0	0.0	0.0	0.5256653428077698	0.0	0.0	0
0.08461538461538462	0.4269831933202272	0.0	0.0	0.0	0.0	0.6428195834159851	0.0	0.0	0
0.08461538461538462	0.3930698900397741	0.0	0.0	0.0	0.0	0.6596099734306335	0.0	0.0	0
0.08461538461538462	0.4071125010674551	0.0	0.0	0.0	0.0	0.6662253737449646	0.0	0.0	0
0.08461538461538462	0.3986655520899022	0.0	0.0	0.0	0.0	0.3684796988964081	0.0	0.0	0
0.07692307692307693	0.40701854460988107	0.0	0.0	0.0	0.0	0.6399945616722107	0.0	0.0	0
0.07692307692307693	0.4155882958430401	0.0	0.0	0.0	0.0	0.6140760779380798	0.0	0.0	0
0.9433962264150944	0.9865684806897755	0.0	2.0	3.0	1.0	0.28171679377555847	4.0	0.19047619047619047	1
0.34591194968553457	0.8480372685723214	0.0	0.5	1.0	0.0	0.03216016665101051	4.0	0.23529411764705882	1
0.22641509433962265	0.7712835743991184	0.0	0.0	0.0	0.0	0.48013052344322205	4.0	0.26666666666666666	0
0.14465408805031446	0.5550406410780939	0.0	0.0	0.0	0.0	0.7015037536621094	4.0	0.5	0
0.14465408805031446	0.5655636751890061	0.0	0.0	0.0	0.0	0.7451754212379456	4.0	0.5	0
0.14465408805031446	0.5550406410780939	0.0	0.0	0.0	0.0	0.021470004692673683	4.0	0.5714285714285714	0
0.12578616352201258	0.6000103808922383	0.0	0.0	0.0	0.0	0.05155966058373451	4.0	0.5714285714285714	0
0.14465408805031446	0.5655636751890061	0.0	0.0	0.0	0.0	0.021922774612903595	4.0	0.5714285714285714	0
0.12578616352201258	0.6000103808922383	0.0	0.0	0.0	0.0	0.055256158113479614	4.0	0.5714285714285714	0
0.11320754716981132	0.5940610972430511	0.0	0.0	0.0	0.0	0.46892452239990234	4.0	0.5714285714285714	0
0.16666666666666666	0.6058717491783726	0.0	0.0	0.0	0.0	0.6468502283096313	4.0	0.5714285714285714	0
0.18	0.5132844234469057	0.0	0.0	0.0	0.0	0.0397409126162529	4.0	0.4	0
0.36	0.5443704935742478	0.0	0.0	0.0	0.0	0.0	4.0	0.12903225806451613	0
0.16	0.5622944693794647	0.0	0.0	0.0	0.0	0.4727928340435028	4.0	0.5714285714285714	0
0.36	0.6228865930710612	0.0	0.0	0.0	0.0	2.2347259800881147E-4	5.0	0.7692307692307693	0
0.2	0.6516293994437689	0.0	0.0	0.0	0.0	0.6249998211860657	4.0	0.5	0
0.3466666666666667	0.6593782636164585	0.0	0.0	0.0	0.0	0.23075827956199646	4.0	0.5714285714285714	0
0.34	0.6516136533275743	0.0	0.0	0.0	0.0	0.1518474817276001	4.0	0.5714285714285714	0
0.22	0.5896181215738212	0.0	0.0	0.0	0.0	0.04366034269332886	0.0	0.0	0
0.22666666666666666	0.5972714922112715	0.0	0.0	0.0	0.0	0.03919435665011406	0.0	0.0	0
0.15476190476190477	0.5088360558081669	0.0	1.0	2.0	0.0	0.14094187319278717	0.0	0.0	0
0.42857142857142855	0.7192282550886296	0.0	0.0	1.0	0.0	0.03712640702724457	6.0	0.3157894736842105	1
0.40476190476190477	0.5522142115841311	0.0	0.0	0.0	0.0	0.0	5.0	0.09090909090909091	0
0.15476190476190477	0.5088360558081669	0.0	1.0	2.0	0.0	0.14094187319278717	0.0	0.0	0
0.42857142857142855	0.7192282550886296	0.0	0.0	1.0	0.0	0.03712640702724457	6.0	0.3157894736842105	1
0.32142857142857145	0.5623425263530293	0.0	0.0	1.0	0.0	2.242791815660894E-4	4.0	0.25	0
0.32142857142857145	0.5623425263530293	0.0	0.0	1.0	0.0	2.242791815660894E-4	4.0	0.25	0
0.40476190476190477	0.5522142115841311	0.0	0.0	0.0	0.0	0.0	5.0	0.09090909090909091	0
0.2976190476190476	0.5809009751375177	0.0	0.0	0.0	0.0	0.0	4.0	0.13793103448275862	0
0.34523809523809523	0.5155347035225619	0.0	0.0	0.0	0.0	0.0019529878627508879	4.0	0.36363636363636365	0
0.23626373626373626	0.7303819233219515	0.0	0.0	1.0	0.0	0.09052431583404541	0.0	0.0	0
0.33516483516483514	0.7075445019952751	0.0	0.0	0.0	0.0	0.0	0.0	0.0	0
0.4010989010989011	0.7386322690256458	0.0	0.0	0.0	0.0	0.0	0.0	0.0	0
0.2032967032967033	0.7170665221324453	0.0	0.0	0.0	0.0	0.12490669637918472	0.0	0.0	0
0.2032967032967033	0.7170665221324453	0.0	0.0	0.0	0.0	0.09783287346363068	0.0	0.0	0
0.2802197802197802	0.7386633699502586	0.0	0.0	0.0	0.0	0.0031180712394416332	4.0	0.21052631578947367	0
0.4065934065934066	0.7082591705621625	0.0	0.0	1.0	0.0	0.0	0.0	0.0	0
0.27472527472527475	0.6468430524675264	0.0	0.0	0.0	0.0	0.0	0.0	0.0	0
0.22527472527472528	0.5368392480017661	0.0	0.0	0.0	0.0	3.8929234142415226E-4	0.0	0.0	0
0.34065934065934067	0.5675465164838875	0.0	0.3333333333333333	1.0	0.0	0.0	0.0	0.0	0
0.375	0.6878163739002268	0.0	0.0	1.0	0.0	0.014214119873940945	4.0	0.6666666666666666	0
0.3541666666666667	0.6969709469904514	0.0	0.0	3.0	0.0	0.09052431583404541	0.0	0.0	0
0.40625	0.6800940401658288	0.0	0.0	0.0	0.0	0.0	0.0	0.0	0
0.4375	0.6426419544163549	0.0	0.0	0.0	0.0	0.0	0.0	0.0	0
0.3125	0.6619052657032118	0.0	0.0	0.0	0.0	0.12490669637918472	0.0	0.0	0
0.3125	0.6619052657032118	0.0	0.0	0.0	0.0	0.09783287346363068	0.0	0.0	0
0.25	0.7013519055044357	0.0	0.0	0.0	0.0	0.34034812450408936	0.0	0.0	0
0.4583333333333333	0.6826663679057925	0.0	0.0	0.0	0.0	0.0	4.0	0.1111111111111111	0
0.5208333333333334	0.780029238478933	0.0	0.0	1.0	0.0	0.0	6.0	0.2857142857142857	0
0.5	0.7435493861914798	0.0	0.5	1.0	0.0	0.0	5.0	0.40540540540540543	0
0.4166666666666667	0.6160764395367163	0.0	0.0	1.0	0.0	1.0090431896969676E-4	4.0	0.38095238095238093	0
0.4166666666666667	0.6151944970284664	0.0	0.0	1.0	0.0	1.209969341289252E-4	4.0	0.38095238095238093	0
0.4166666666666667	0.6160764395367163	0.0	0.0	1.0	0.0	1.1584944149944931E-4	4.0	0.38095238095238093	0
0.4166666666666667	0.6160764395367163	0.0	0.0	1.0	0.0	1.1584944149944931E-4	4.0	0.38095238095238093	0
0.4166666666666667	0.6160764395367163	0.0	0.0	1.0	0.0	1.2271720333956182E-4	4.0	0.38095238095238093	0
0.4166666666666667	0.6160764395367163	0.0	0.0	1.0	0.0	1.2271720333956182E-4	4.0	0.38095238095238093	0
0.4166666666666667	0.6160764395367163	0.0	0.0	1.0	0.0	1.2619345216080546E-4	4.0	0.38095238095238093	0
0.4166666666666667	0.6160764395367163	0.0	0.0	1.0	0.0	1.1584944149944931E-4	4.0	0.38095238095238093	0
0.25	0.6596750317853225	0.0	0.0	0.0	0.0	0.002169533632695675	5.166666666666667	2.8181818181818183	0
0.5833333333333334	0.758115033564158	1.0	0.5	1.0	0.0	0.0	0.0	0.0	1
0.15816326530612246	0.5721854071371721	0.0	0.0	0.0	0.0	0.7043570876121521	0.0	0.0	0
0.2755102040816326	0.6884518522986605	0.0	0.0	0.0	0.0	0.003467374248430133	5.0	0.38461538461538464	0
0.34183673469387754	0.6633652989296234	0.0	0.0	0.0	0.0	0.0	0.0	0.0	0
0.33163265306122447	0.7393465537992291	0.0	0.0	0.0	0.0	0.0	4.0	0.1111111111111111	0
0.14795918367346939	0.5853345384140693	0.0	0.0	0.0	0.0	0.039838340133428574	0.0	0.0	0
0.14795918367346939	0.5121106520971143	0.0	0.0	0.0	0.0	0.024996483698487282	0.0	0.0	0
0.19387755102040816	0.45137235426094496	0.0	0.0	0.0	0.0	0.0	0.0	0.0	0
0.34183673469387754	0.6435278994006342	0.0	0.0	0.0	0.0	0.0	0.0	0.0	0
0.22448979591836735	0.5979118838478669	0.0	0.0	0.0	0.0	0.07785074412822723	4.0	0.16	0
0.30612244897959184	0.7737056366419142	0.0	0.0	1.0	0.0	2.1216993627604097E-4	0.0	0.0	0
0.5865384615384616	0.7866091859837	0.0	0.0	2.0	0.0	0.0	4.0	0.3404255319148936	1
0.3076923076923077	0.7150469381173743	0.0	0.0	0.0	0.0	0.027917813509702682	4.0	0.19047619047619047	0
0.19230769230769232	0.6923656574439092	0.0	0.0	0.0	0.0	0.17483708262443542	0.0	0.0	0
0.2692307692307692	0.6471157574547814	0.0	0.0	0.0	0.0	0.08108889311552048	5.6	2.3333333333333335	0
0.25	0.6080085298406068	0.0	0.0	0.0	0.0	0.4545559287071228	4.0	0.21052631578947367	0
0.27884615384615385	0.6817596892484789	0.0	0.0	0.0	0.0	0.27593833208084106	4.0	0.17391304347826086	0
0.3076923076923077	0.6389682984130641	0.0	0.0	0.0	0.0	0.0807376429438591	4.0	0.16	0
0.27884615384615385	0.6823191966789225	0.0	0.0	0.0	0.0	0.23978200554847717	4.0	0.17391304347826086	0
0.3076923076923077	0.7150469381173743	0.0	0.0	0.0	0.0	0.22487667202949524	4.0	0.18181818181818182	0
0.40384615384615385	0.7486040898280208	0.0	0.0	0.0	0.0	0.0	10.5	0.525	0
0.4782608695652174	0.694118141594488	0.0	0.0	1.0	0.0	0.0012883994495496154	9.333333333333334	0.6222222222222222	0
0.5217391304347826	0.6540096912713825	0.0	0.0	1.0	0.0	0.0	4.0	0.047619047619047616	0
0.5072463768115942	0.6984014248729381	0.0	0.0	1.0	0.0	0.0	0.0	0.0	1
0.5072463768115942	0.6984014248729381	0.0	0.0	1.0	0.0	0.0	0.0	0.0	1
0.5072463768115942	0.6984014248729381	0.0	0.0	1.0	0.0	0.0	0.0	0.0	1
0.4492753623188406	0.6872197782797993	0.0	0.0	1.0	0.0	6.953441188670695E-4	0.0	0.0	0
0.4492753623188406	0.6872197782797993	0.0	0.0	1.0	0.0	6.953441188670695E-4	0.0	0.0	0
0.5942028985507246	0.7140477045880007	0.0	0.0	1.0	0.0	0.0	0.0	0.0	0
0.5942028985507246	0.7140477045880007	0.0	0.0	1.0	0.0	0.0	0.0	0.0	0
0.5217391304347826	0.7563666873787166	0.0	0.0	0.0	0.0	0.0	4.5	0.36	0
0.4107142857142857	0.7807190947030046	0.0	1.6666666666666665	2.0	0.0	0.05906333401799202	5.0	0.2	0
0.5892857142857143	0.7134636848632023	0.0	1.6666666666666665	2.0	0.0	0.0	4.0	0.11009174311926606	1
0.4880952380952381	0.7732764615537906	0.0	1.3333333333333333	2.0	1.0	0.0	0.0	0.0	0
0.47023809523809523	0.7279362786417565	0.0	1.3333333333333333	2.0	0.0	0.0	6.75	0.36486486486486486	0
0.39285714285714285	0.7683371009234956	0.0	0.0	0.0	0.0	4.2849848978221416E-4	7.0	0.3684210526315789	0
0.39285714285714285	0.7683371009234956	0.0	0.0	0.0	0.0	4.2849848978221416E-4	7.0	0.3684210526315789	0
0.42857142857142855	0.7050310151203679	0.0	1.6666666666666665	2.0	0.0	9.166407980956137E-4	6.0	0.9375	0
0.44642857142857145	0.7321584957791052	0.0	0.3333333333333333	1.0	1.0	0.0	6.25	1.0638297872340425	1
0.4166666666666667	0.7124488346684469	0.0	1.6666666666666665	2.0	1.0	0.011987504549324512	4.0	0.27586206896551724	1
0.39285714285714285	0.7805500945865758	0.0	0.6666666666666666	1.0	0.0	0.0011179688153788447	4.0	0.6666666666666666	0
0.15625	0.5783179168097992	0.0	0.0	0.0	0.0	0.8473764061927795	0.0	0.0	0
0.15625	0.5783179168097992	0.0	0.0	0.0	0.0	0.8731594085693359	0.0	0.0	0
0.15625	0.5783179168097992	0.0	0.0	0.0	0.0	0.8837947845458984	0.0	0.0	0
0.15625	0.536954705679219	0.0	0.0	0.0	0.0	0.822741687297821	0.0	0.0	0
0.15625	0.589667685757398	0.0	0.0	0.0	0.0	0.8349270820617676	0.0	0.0	0
0.15625	0.5359449847213484	0.0	0.0	0.0	0.0	0.8722721934318542	0.0	0.0	0
0.171875	0.6080948009373167	0.0	0.0	0.0	0.0	0.8750230073928833	0.0	0.0	0
0.171875	0.6428706965228839	0.0	0.0	0.0	0.0	0.8982774019241333	0.0	0.0	0
0.15625	0.589667685757398	0.0	0.0	0.0	0.0	0.9020525813102722	0.0	0.0	0
0.171875	0.6080948009373167	0.0	0.0	0.0	0.0	0.8750230073928833	0.0	0.0	0
0.0855614973262032	0.6424540277125954	0.0	0.0	0.0	0.0	0.8187970519065857	4.0	0.8	0
0.08021390374331551	0.6389624297358965	0.0	0.0	0.0	0.0	0.7305588126182556	0.0	0.0	0
0.0855614973262032	0.6424540277125954	0.0	0.0	0.0	0.0	0.8187970519065857	4.0	0.8	0
0.08021390374331551	0.6389624297358965	0.0	0.0	0.0	0.0	0.7305588126182556	0.0	0.0	0
0.19786096256684493	0.7513776191421038	0.0	0.0	1.0	0.0	0.1406482607126236	0.0	0.0	0
0.31016042780748665	0.7988729725341166	0.0	1.0	1.0	0.0	0.34640073776245117	4.0	0.26666666666666666	0
0.11764705882352941	0.7159432040641486	0.0	0.0	0.0	0.0	0.7786045670509338	0.0	0.0	0
0.11764705882352941	0.7204602406975444	0.0	0.0	0.0	0.0	0.7565663456916809	0.0	0.0	0
0.3315508021390374	0.7783905961931338	0.0	1.0	1.0	0.0	0.21960607171058655	4.0	0.25	0
0.0748663101604278	0.6084606365328897	0.0	0.0	0.0	0.0	0.5809276700019836	0.0	0.0	0
0.3013698630136986	0.6189908294469917	0.0	0.0	0.0	0.0	1.7266209761146456E-4	4.0	0.5714285714285714	0
0.2602739726027397	0.5528380356486869	0.0	0.0	0.0	0.0	7.246406166814268E-4	7.0	0.3888888888888889	0
0.1780821917808219	0.5904932223061177	0.0	0.0	0.0	0.0	0.1952938437461853	4.0	0.4444444444444444	0
0.4657534246575342	0.8254634793328792	0.0	1.5	2.0	1.0	0.009177387692034245	4.0	0.1111111111111111	1
0.3013698630136986	0.7300342926223167	0.0	0.0	0.0	0.0	0.008512004278600216	0.0	0.0	0
0.4452054794520548	0.763983799241678	0.0	0.0	0.0	0.0	0.0	5.0	0.04201680672268908	0
0.4452054794520548	0.7274212925501067	0.0	0.0	0.0	0.0	0.0	4.0	0.04597701149425287	0
0.4520547945205479	0.7729523433160237	0.0	0.0	0.0	0.0	0.0	5.0	0.02824858757062147	0
0.3561643835616438	0.7611752165812283	0.0	0.0	0.0	0.0	9.237090707756579E-4	23.0	0.7419354838709677	0
0.363013698630137	0.7495399520933823	0.0	0.0	0.0	0.0	2.3242671159096062E-4	22.0	0.6470588235294118	0
0.2810810810810811	0.5658781661051785	0.0	0.0	0.0	0.0	0.0	4.0	0.24489795918367346	0
0.0918918918918919	0.5436777716954498	0.0	0.0	0.0	0.0	0.7386929392814636	0.0	0.0	0
0.23783783783783785	0.4821564995785255	0.0	0.0	0.0	0.0	3.044763579964638E-4	0.0	0.0	0
0.0918918918918919	0.5436777716954498	0.0	0.0	0.0	0.0	0.7386929392814636	0.0	0.0	0
0.23783783783783785	0.4821564995785255	0.0	0.0	0.0	0.0	3.044763579964638E-4	0.0	0.0	0
0.11891891891891893	0.5616505132224252	0.0	0.0	0.0	0.0	0.638660192489624	4.0	0.5	0
0.08108108108108109	0.5723486161323582	0.0	0.0	0.0	0.0	0.9973476529121399	0.0	0.0	0
0.11891891891891893	0.5616505132224252	0.0	0.0	0.0	0.0	0.638660192489624	4.0	0.5	0
0.2	0.517374148485951	0.0	0.0	0.0	0.0	0.011206393130123615	0.0	0.0	0
0.08108108108108109	0.5591156876691542	0.0	0.0	0.0	0.0	0.5567625761032104	0.0	0.0	0
0.3111111111111111	0.825827970424043	0.0	0.0	4.0	0.0	0.0702599510550499	0.0	0.0	0
0.5481481481481482	0.7881959958870077	0.0	0.0	0.0	0.0	0.0	6.0	0.08823529411764706	0
0.43703703703703706	0.8149124450586206	0.0	1.0	1.0	0.0	0.0	4.0	0.3333333333333333	0
0.45185185185185184	0.815372496609937	0.0	0.0	0.0	0.0	0.0	5.0	0.3	0
0.35555555555555557	0.7921001487566776	0.0	0.0	0.0	0.0	0.012094678357243538	4.0	0.34782608695652173	0
0.5185185185185185	0.8307581883537127	0.0	0.0	0.0	0.0	0.0	4.0	0.13793103448275862	0
0.4666666666666667	0.8351646544245034	0.0	0.0	0.0	0.0	0.0	4.0	0.1951219512195122	0
0.34814814814814815	0.7169271106407558	0.0	0.0	0.0	0.0	3.815677482634783E-4	0.0	0.0	0
0.3111111111111111	0.825827970424043	0.0	0.0	4.0	0.0	0.0702599510550499	0.0	0.0	0
0.5481481481481482	0.7881959958870077	0.0	0.0	0.0	0.0	0.0	6.0	0.08823529411764706	1
0.4859154929577465	0.7617283384143614	0.0	0.6666666666666666	1.0	0.0	0.0	0.0	0.0	0
0.4507042253521127	0.8928405410848794	0.0	0.6666666666666666	1.0	0.0	0.0	5.0	0.17857142857142858	1
0.5140845070422535	0.7655681191121797	0.0	0.0	0.0	0.0	0.0	4.333333333333333	0.13	0
0.3732394366197183	0.8192949155556725	0.0	0.0	0.0	0.0	5.645473138429224E-4	4.0	0.22857142857142856	0
0.4507042253521127	0.865509928512825	0.0	0.3333333333333333	0.0	0.0	0.0	5.0	0.21739130434782608	0
0.29577464788732394	0.7851495393831752	0.0	0.0	2.0	0.0	0.008452468551695347	12.0	0.5217391304347826	0
0.4014084507042254	0.8272176012450387	0.0	0.0	0.0	0.0	0.0	4.0	0.0975609756097561	0
0.3873239436619718	0.8208294097777548	0.0	0.0	0.0	0.0	0.0	19.0	0.3064516129032258	1
0.5352112676056338	0.8819406287916104	0.0	0.6666666666666666	1.0	0.0	2.500198897905648E-4	11.0	0.20754716981132076	0
0.11971830985915492	0.3925290940420097	0.0	0.0	0.0	0.0	0.5235968828201294	0.0	0.0	0
0.41964285714285715	0.7612108421915924	0.0	0.0	0.0	0.0	0.002735153306275606	0.0	0.0	0
0.45535714285714285	0.756791758988235	0.0	0.0	1.0	0.0	0.004616797436028719	10.0	0.4	0
0.41964285714285715	0.7612108421915924	0.0	0.0	0.0	0.0	0.002735153306275606	0.0	0.0	0
0.45535714285714285	0.756791758988235	0.0	0.0	1.0	0.0	0.004616797436028719	10.0	0.4	0
0.1875	0.5835919099293319	0.0	0.0	0.0	0.0	0.40867459774017334	4.0	0.5	0
0.36607142857142855	0.746807899292289	0.0	0.0	0.0	0.0	0.017769282683730125	4.0	0.25	0
0.39285714285714285	0.7526523214565883	0.0	0.0	0.0	0.0	0.038052693009376526	4.0	0.18181818181818182	1
0.33035714285714285	0.708870050741209	0.0	0.0	1.0	0.0	0.04671149328351021	4.0	0.23529411764705882	0
0.5267857142857143	0.7974754533550786	0.0	0.0	1.0	0.0	0.020090119913220406	4.0	0.23529411764705882	0
0.30357142857142855	0.6074782199497133	0.0	0.0	0.0	0.0	0.10042627900838852	0.0	0.0	0
